15 558 62 

548 
283 
88 
465 
397 
182 
109 
306 
269 
288 
69 
476 
253 
354 
147 

12 5 124 
6 6 301 
11 6 100 
9 10 436 
15 6 468 
14 12 126 
14 13 117 
1 10 204 
4 2 486 
10 3 383 
11 8 363 
4 9 282 
15 4 99 
14 7 61 
12 9 254 
5 5 79 
4 4 436 
1 4 228 
3 5 56 
12 15 35 
10 14 126 
2 9 285 
8 11 365 
4 15 535 
7 7 96 
14 6 350 
7 5 273 
8 2 121 
14 1 31 
10 5 330 
1 9 36 
6 14 557 
4 13 162 
13 3 46 
14 3 407 
3 11 111 
1 10 108 
14 4 322 
4 8 114 
9 12 444 
8 13 454 
5 9 117 
14 14 89 
2 2 20 
4 14 521 
8 8 525 
7 5 162 
4 14 130 
8 9 435 
5 6 106 
8 10 214 
10 10 427 
15 1 356 
4 1 321 
3 7 485 
4 14 26 
9 10 87 
10 12 367 
9 6 14 
11 5 474 
7 10 418 
2 9 335 

