49 275 30 

209 
73 
67 
244 
18 
228 
211 
121 
168 
218 
124 
260 
252 
134 
196 
269 
170 
131 
242 
172 
273 
111 
264 
145 
138 
175 
151 
83 
100 
140 
274 
136 
251 
38 
27 
170 
61 
115 
250 
111 
172 
61 
71 
199 
160 
102 
31 
109 
27 

11 47 232 
39 37 256 
28 29 256 
15 13 44 
30 3 256 
7 14 61 
36 40 230 
17 6 190 
2 18 58 
7 30 118 
13 43 205 
1 19 120 
49 39 273 
39 31 172 
18 11 249 
42 23 106 
8 16 230 
33 13 106 
44 6 52 
17 28 91 
17 26 164 
12 27 198 
44 8 179 
29 8 3 
12 42 4 
19 20 3 
47 36 180 
34 34 206 
32 20 108 
4 22 18 

