97 467 77 

241 
232 
422 
4 
242 
234 
322 
246 
195 
143 
346 
413 
158 
452 
84 
256 
352 
172 
275 
12 
300 
401 
397 
11 
219 
425 
184 
441 
343 
11 
152 
444 
128 
346 
6 
387 
73 
228 
318 
120 
288 
33 
315 
445 
422 
116 
250 
157 
208 
275 
243 
57 
142 
312 
445 
452 
409 
349 
169 
283 
195 
360 
245 
58 
312 
136 
116 
105 
219 
392 
289 
10 
61 
43 
243 
412 
137 
240 
130 
166 
436 
225 
390 
432 
456 
287 
305 
291 
29 
165 
363 
272 
342 
44 
62 
156 
452 

57 17 38 
54 17 269 
5 66 242 
40 8 188 
11 63 386 
45 4 386 
6 3 346 
47 31 353 
23 55 422 
53 41 420 
89 2 70 
72 97 196 
31 74 215 
34 76 148 
18 22 367 
90 53 30 
78 25 38 
60 51 366 
78 51 102 
6 17 272 
59 54 432 
37 62 349 
87 73 80 
75 1 18 
57 55 326 
31 37 342 
47 55 62 
27 17 352 
80 41 44 
50 61 442 
4 19 178 
6 82 90 
66 92 89 
61 96 100 
43 95 103 
13 55 464 
2 61 287 
6 55 448 
12 71 167 
50 15 284 
63 23 402 
67 55 213 
16 96 183 
66 78 421 
25 5 449 
93 42 97 
91 57 212 
73 18 130 
72 68 408 
38 37 166 
84 51 260 
13 90 144 
19 72 434 
16 25 203 
45 70 19 
34 21 146 
93 77 366 
79 71 60 
52 88 126 
43 25 364 
61 39 49 
89 5 179 
34 83 49 
17 55 3 
45 31 319 
36 5 137 
36 67 209 
16 55 192 
51 85 17 
5 26 346 
5 60 192 
67 78 360 
56 28 162 
12 48 210 
60 36 18 
36 25 93 
51 62 348 

