75 405 91 

266 
245 
171 
35 
231 
112 
351 
187 
109 
4 
106 
24 
23 
368 
402 
142 
149 
267 
248 
313 
311 
18 
18 
337 
314 
83 
275 
321 
277 
332 
171 
323 
325 
276 
117 
191 
118 
158 
172 
338 
399 
258 
237 
300 
141 
27 
401 
56 
33 
31 
91 
308 
219 
153 
363 
378 
319 
311 
99 
159 
254 
106 
127 
277 
180 
210 
25 
383 
368 
19 
64 
382 
101 
400 
242 

62 34 380 
2 46 63 
25 48 104 
59 34 373 
10 1 198 
4 22 75 
14 44 405 
4 25 81 
12 30 11 
31 39 339 
8 38 376 
74 12 253 
7 27 230 
59 64 380 
70 40 102 
33 13 8 
60 30 272 
62 34 127 
26 55 306 
63 71 186 
51 28 318 
60 69 391 
25 18 119 
11 53 254 
51 27 268 
25 44 120 
31 3 30 
53 31 189 
42 65 65 
36 3 248 
65 13 2 
64 34 141 
15 20 81 
70 44 405 
16 9 132 
63 68 181 
33 41 45 
7 30 38 
26 59 396 
70 69 256 
6 67 288 
36 23 53 
9 48 153 
2 36 315 
66 24 397 
6 28 308 
1 28 4 
1 61 148 
24 63 240 
36 63 367 
61 27 122 
41 35 277 
7 39 150 
58 6 380 
66 11 341 
13 6 260 
54 2 151 
40 63 6 
2 60 372 
5 52 167 
32 25 218 
8 13 36 
18 67 14 
24 9 87 
2 6 67 
9 8 185 
34 28 255 
55 39 337 
31 31 316 
54 53 229 
7 75 46 
62 1 369 
3 39 207 
31 2 340 
13 33 6 
69 58 318 
17 63 236 
58 36 163 
7 46 132 
52 13 323 
54 20 242 
75 4 318 
72 15 252 
67 15 397 
31 54 234 
69 4 112 
24 1 112 
47 25 20 
19 73 295 
39 75 181 
36 12 376 

