81 669 29 

157 
534 
616 
661 
340 
573 
495 
305 
210 
336 
377 
81 
155 
240 
468 
657 
168 
210 
140 
187 
323 
508 
171 
610 
163 
497 
587 
304 
564 
483 
254 
153 
284 
463 
501 
83 
303 
539 
73 
36 
319 
601 
59 
371 
427 
271 
365 
222 
330 
364 
471 
53 
397 
350 
24 
584 
76 
137 
215 
241 
65 
223 
599 
495 
310 
299 
41 
310 
564 
586 
101 
61 
539 
254 
258 
128 
81 
269 
227 
607 
199 

4 67 229 
43 69 608 
51 77 479 
67 78 72 
52 38 580 
73 9 494 
52 34 137 
24 53 597 
79 54 378 
73 17 369 
63 14 259 
72 78 12 
1 23 584 
64 18 585 
4 74 381 
13 75 312 
40 15 34 
46 1 400 
81 29 128 
73 49 657 
59 31 376 
61 21 158 
11 30 185 
15 11 651 
50 14 245 
36 67 553 
20 51 418 
52 44 600 
15 54 103 

