87 414 93 

65 
15 
146 
11 
253 
243 
227 
400 
349 
32 
161 
121 
368 
277 
194 
360 
134 
86 
254 
300 
92 
135 
240 
388 
196 
181 
342 
344 
301 
393 
212 
328 
266 
145 
232 
309 
159 
190 
184 
26 
327 
147 
303 
149 
17 
389 
24 
410 
63 
339 
3 
300 
343 
132 
150 
10 
41 
143 
343 
343 
311 
141 
70 
110 
368 
283 
142 
221 
84 
94 
27 
108 
73 
304 
126 
217 
231 
101 
22 
69 
354 
277 
68 
386 
350 
205 
222 

69 9 309 
84 13 209 
78 63 263 
11 44 368 
27 45 162 
70 37 155 
21 17 33 
18 48 229 
61 42 163 
23 8 231 
36 87 170 
9 69 97 
18 64 144 
77 61 224 
5 42 235 
79 5 359 
81 17 233 
57 25 60 
80 64 61 
19 59 153 
35 14 343 
26 65 199 
4 53 86 
49 36 405 
10 16 301 
7 54 281 
33 87 379 
17 11 286 
9 47 120 
85 11 156 
61 10 132 
8 80 242 
46 70 241 
80 28 371 
26 1 227 
44 31 67 
15 78 31 
64 77 240 
52 64 148 
54 29 195 
74 84 288 
42 9 294 
42 87 330 
82 65 346 
47 54 248 
81 7 249 
62 24 304 
63 74 21 
28 74 373 
17 20 298 
35 80 275 
2 42 75 
17 41 192 
7 63 127 
32 29 344 
78 43 87 
5 4 320 
84 24 318 
16 47 34 
20 41 54 
65 72 121 
11 14 55 
75 65 334 
58 11 210 
13 20 297 
86 80 356 
30 59 198 
35 45 100 
4 16 19 
30 49 374 
47 13 375 
16 29 180 
58 70 254 
42 81 80 
72 29 334 
2 46 363 
11 46 90 
10 45 55 
25 34 86 
70 18 378 
80 86 30 
13 69 256 
84 50 65 
19 51 133 
32 33 164 
39 45 126 
48 46 374 
58 15 262 
50 84 386 
56 59 319 
27 77 165 
41 14 37 
22 33 345 

