16 439 67 

105 
19 
145 
241 
36 
433 
353 
52 
169 
28 
415 
297 
281 
118 
264 
56 

6 12 55 
13 13 417 
7 4 126 
12 10 307 
10 4 328 
14 9 329 
4 14 130 
10 16 312 
2 5 65 
6 5 1 
5 12 208 
15 1 421 
3 4 320 
10 1 23 
14 5 272 
3 9 269 
13 16 133 
11 5 166 
5 6 419 
2 14 92 
7 2 11 
11 3 242 
6 3 88 
6 9 157 
14 6 84 
15 6 171 
10 14 37 
16 2 82 
15 6 128 
7 2 236 
15 5 322 
15 7 152 
2 1 117 
9 7 84 
10 11 190 
14 9 274 
3 11 202 
9 7 26 
1 2 30 
8 2 241 
7 13 335 
15 8 428 
6 11 204 
15 6 255 
7 13 360 
9 10 54 
11 12 87 
9 12 138 
8 2 99 
16 3 426 
5 3 292 
3 1 70 
7 8 41 
5 7 47 
12 11 247 
12 4 120 
9 8 153 
16 7 340 
8 16 54 
7 8 324 
11 9 25 
15 2 141 
11 10 116 
3 16 252 
4 4 304 
9 14 302 
4 14 37 

