27 871 86 

246 
853 
175 
606 
285 
377 
97 
110 
271 
291 
14 
402 
256 
40 
105 
169 
512 
584 
159 
671 
764 
596 
55 
560 
91 
320 
837 

22 26 64 
23 5 668 
27 9 125 
17 9 59 
24 14 336 
6 21 555 
17 8 290 
17 15 740 
5 9 602 
24 14 400 
8 10 866 
3 22 345 
9 6 622 
6 12 395 
20 14 810 
16 8 569 
24 10 731 
23 5 737 
2 10 715 
22 4 59 
4 24 213 
5 9 413 
3 26 301 
23 12 89 
12 7 777 
15 7 172 
18 15 19 
15 2 509 
4 20 481 
21 25 417 
7 24 679 
25 2 364 
10 27 631 
6 21 785 
16 18 833 
25 18 746 
5 13 160 
18 22 412 
11 15 94 
9 9 312 
21 4 590 
1 21 524 
11 14 43 
23 8 419 
20 25 624 
1 1 626 
27 2 31 
7 5 659 
9 8 635 
23 22 628 
13 2 676 
8 7 562 
2 9 510 
9 26 482 
20 4 87 
10 17 436 
4 10 584 
9 12 519 
8 6 174 
6 23 382 
1 16 198 
26 22 149 
2 24 644 
26 20 124 
8 1 698 
3 3 424 
2 26 271 
2 26 484 
4 8 112 
18 6 534 
27 11 278 
11 13 770 
19 17 838 
17 15 165 
14 22 62 
15 13 241 
3 21 850 
21 16 344 
11 11 25 
24 14 70 
18 16 311 
10 5 395 
3 2 622 
15 8 51 
14 3 681 
3 9 56 

