27 755 88 

169 
485 
667 
708 
288 
502 
83 
484 
414 
452 
668 
417 
83 
293 
11 
245 
196 
620 
66 
131 
253 
7 
523 
180 
497 
470 
144 

7 12 740 
12 16 318 
10 26 672 
21 17 517 
5 2 141 
15 10 507 
13 4 486 
25 23 441 
16 26 291 
27 5 676 
26 11 79 
26 10 276 
27 18 424 
11 22 573 
25 4 307 
14 19 558 
8 10 126 
9 15 215 
2 18 714 
11 9 603 
13 27 752 
1 24 505 
3 4 602 
16 7 566 
11 23 40 
2 6 177 
24 10 82 
4 4 693 
22 8 2 
20 6 362 
18 14 456 
17 9 685 
12 1 728 
8 14 477 
27 8 336 
16 23 349 
8 19 231 
16 18 205 
3 7 607 
25 20 212 
19 7 274 
10 14 612 
2 2 452 
13 19 146 
5 3 528 
17 6 741 
27 19 746 
8 8 402 
16 21 411 
16 8 609 
16 15 643 
11 12 33 
4 13 14 
2 21 481 
16 15 352 
13 20 110 
9 4 503 
11 24 50 
23 15 265 
12 17 465 
26 3 436 
4 23 261 
12 24 233 
15 17 192 
26 15 328 
25 2 661 
24 11 425 
16 5 265 
4 15 7 
10 25 668 
20 12 571 
14 12 535 
10 6 485 
4 3 397 
1 13 402 
1 13 258 
16 25 419 
12 26 320 
18 20 384 
23 16 23 
23 27 727 
12 23 729 
1 3 510 
21 27 415 
5 17 658 
20 11 288 
17 2 123 
10 5 531 

