81 136 18 

131 
70 
122 
76 
133 
89 
100 
64 
104 
10 
118 
43 
29 
112 
50 
106 
115 
14 
122 
111 
43 
74 
14 
6 
26 
53 
25 
95 
50 
26 
11 
15 
113 
122 
10 
136 
60 
132 
112 
78 
69 
13 
41 
23 
68 
55 
14 
83 
110 
130 
67 
92 
72 
112 
134 
81 
120 
61 
75 
92 
81 
134 
38 
77 
98 
130 
61 
59 
113 
42 
24 
115 
25 
22 
25 
4 
47 
17 
55 
8 
112 

49 65 80 
9 61 51 
64 66 39 
65 23 74 
58 73 96 
81 13 38 
57 27 66 
70 18 76 
24 41 2 
28 32 45 
43 39 101 
53 79 120 
51 53 90 
24 8 26 
23 4 88 
53 62 77 
80 46 1 
63 24 128 

