15 734 94 

679 
429 
683 
679 
409 
347 
533 
545 
661 
14 
562 
96 
221 
171 
511 

14 11 415 
15 13 120 
10 13 387 
10 13 668 
10 14 145 
5 15 405 
13 6 315 
12 10 25 
13 3 309 
14 4 660 
13 3 86 
7 5 318 
9 9 393 
10 6 332 
13 9 290 
14 3 126 
4 11 340 
12 8 519 
12 15 17 
5 8 507 
15 15 231 
9 11 308 
6 6 359 
3 10 734 
9 9 600 
11 15 97 
8 11 90 
9 10 23 
3 8 417 
8 5 213 
5 5 219 
6 10 194 
8 11 534 
15 15 80 
14 1 283 
5 3 60 
2 14 147 
4 15 57 
10 6 576 
6 5 4 
6 5 605 
14 4 659 
2 3 621 
6 6 66 
11 14 76 
14 10 77 
1 13 208 
11 14 108 
5 8 134 
1 12 351 
4 2 125 
5 3 249 
8 13 216 
1 12 197 
5 4 501 
5 6 407 
8 2 28 
1 14 228 
8 14 463 
11 11 270 
10 8 587 
13 9 697 
11 12 89 
8 5 39 
14 7 536 
12 4 692 
5 3 20 
14 12 306 
7 5 134 
13 15 556 
9 12 452 
14 2 153 
11 6 101 
9 5 282 
14 11 24 
4 12 450 
9 9 235 
2 6 390 
7 5 510 
9 9 731 
2 6 33 
2 15 83 
7 2 476 
2 2 504 
13 10 519 
5 15 53 
9 6 649 
6 14 351 
5 8 303 
11 11 53 
10 9 511 
3 7 297 
10 13 431 
2 2 429 

